SLURM_JOBID=12882932
SLURM_TIME=2023_01_30_22_13_42
SLURM_JOB_NODELIST=cpn-u28-35
SLURM_NNODES=1
SLURMTMPDIR=/scratch/12882932
working directory = /projects/academic/cwx/Yifan/DRL-MTSP-main

Currently Loaded Modules:
  1) python/shaoshu-python

 

/user/yguo/.conda/envs/mtsp/bin/python
/usr/bin/which: no pytest in (/user/yguo/.conda/envs/mtsp/bin:/opt/software/slurm/bin:/util/common/vscode/code-server-4.7.1/code-server/lib/vscode/bin/remote-cli:/projects/academic/cwx/shaoshus/packages/miniconda3/condabin:/usr/local/bin:/bin:/usr/bin:/usr/local/sbin:/usr/sbin:/opt/dell/srvadmin/bin:/user/yguo/.local/bin:/user/yguo/bin)
Mon Jan 30 22:13:50 2023       
+-----------------------------------------------------------------------------+
| NVIDIA-SMI 470.57.02    Driver Version: 470.57.02    CUDA Version: 11.4     |
|-------------------------------+----------------------+----------------------+
| GPU  Name        Persistence-M| Bus-Id        Disp.A | Volatile Uncorr. ECC |
| Fan  Temp  Perf  Pwr:Usage/Cap|         Memory-Usage | GPU-Util  Compute M. |
|                               |                      |               MIG M. |
|===============================+======================+======================|
|   0  Tesla V100-PCIE...  Off  | 00000000:61:00.0 Off |                    0 |
| N/A   32C    P0    25W / 250W |      0MiB / 16160MiB |      0%      Default |
|                               |                      |                  N/A |
+-------------------------------+----------------------+----------------------+
|   1  Tesla V100-PCIE...  Off  | 00000000:DB:00.0 Off |                    0 |
| N/A   33C    P0    25W / 250W |      0MiB / 16160MiB |      0%      Default |
|                               |                      |                  N/A |
+-------------------------------+----------------------+----------------------+
                                                                               
+-----------------------------------------------------------------------------+
| Processes:                                                                  |
|  GPU   GI   CI        PID   Type   Process name                  GPU Memory |
|        ID   ID                                                   Usage      |
|=============================================================================|
|  No running processes found                                                 |
+-----------------------------------------------------------------------------+
==========================================
                GPU Info                  
==========================================

Iteration: 0
1.8459
1.8255
1.8040
1.7963
1.7844
1.7799
1.7853
1.7713
1.7756
1.7868
1.8102
1.8025
1.8028
1.7902
1.8010
1.8274
1.7998
1.8245
1.8141
1.8350
1.8372
1.8327
1.8326
1.8536
1.8555
1.8686
1.8673
1.8462
1.8723
1.8760
1.8761
1.8758
1.8687
1.8606
1.8743
1.8796
1.8848
1.8771
1.8839
1.8915
1.8795
1.8935
1.8833
1.8765
1.8774
1.8859
1.8768
1.8775
1.8834
1.8785
1.8911
1.8899
1.8851
1.8710
1.8752
1.8875
1.8894
1.8863
1.8794
1.8874
1.8839
1.8766
1.8804
1.8873
1.8948
1.8883
1.8802
1.8872
1.8917
1.8918
1.8924
1.8923
1.8897
1.8908
1.8885
1.8893
1.8933
1.8934
1.8874
1.8880
1.8920
1.8853
1.8896
1.8819
1.8935
1.8846
1.8909
1.8895
1.8863
1.8911
1.8884
1.8948
1.8872
1.8962
1.8875
1.8906
1.8806
1.8878
1.8884
1.8900
Found better policy, and the validation result is: 1.8947

Iteration: 100
1.8903
1.8879
1.8897
1.8832
1.8943
1.8861
1.8876
1.8899
1.8875
1.8821
1.8878
1.8861
1.8839
1.8929
1.8851
1.8932
1.8849
1.8894
1.8899
1.8921
1.8899
1.8926
1.8902
1.8864
1.8930
1.8914
1.8887
1.8924
1.8918
1.8874
1.8904
1.8894
1.8911
1.8936
1.8880
1.8868
1.8923
1.8955
1.8932
1.8897
1.8869
1.8876
1.8901
1.8943
1.8935
1.8981
1.8890
1.8904
1.8882
1.8912
1.8899
1.8864
1.8896
1.8940
1.8910
1.8973
1.8907
1.8933
1.8919
1.8954
1.8941
1.8922
1.8926
1.8964
1.8939
1.8993
1.8877
1.8890
1.8902
1.8956
1.8901
1.8872
1.8847
1.8942
1.8900
1.8926
1.8910
1.8936
1.8848
1.8966
1.8909
1.8882
1.8881
1.8868
1.8919
1.8971
1.8920
1.8932
1.8947
1.8903
1.8913
1.8948
1.8968
1.8908
1.8874
1.8939
1.8920
1.8994
1.8884
1.8930

Iteration: 200
1.8901
1.8919
1.8903
1.8919
1.8931
1.8931
1.8906
1.8988
1.8912
1.8886
1.8931
1.8962
1.8907
1.8921
1.8965
1.8904
1.8902
1.8921
1.8922
1.8903
1.8941
1.8919
1.8907
1.8900
1.8922
1.8925
1.8940
1.8961
1.8948
1.8925
1.8943
1.8888
1.8892
1.8923
1.8966
1.8962
1.8913
1.8946
1.8922
1.8922
1.8921
1.8932
1.8954
1.8941
1.8914
1.8968
1.8975
1.8943
1.8914
1.8930
1.8894
1.8941
1.8859
1.8957
1.8905
1.8965
1.8933
1.8949
1.8940
1.8937
1.8913
1.8900
1.8948
1.8939
1.8907
1.8939
1.8948
1.8933
1.8949
1.8926
1.8932
1.8915
1.8945
1.8904
1.8895
1.8945
1.8941
1.8932
1.8948
1.8950
1.8905
1.8887
1.8911
1.8881
1.8979
1.8906
1.8952
1.8912
1.8946
1.8933
1.8952
1.8914
1.8918
1.8884
1.8887
1.8903
1.8951
1.8919
1.8941
1.8921

Iteration: 300
1.8919
1.8936
1.8925
1.8931
1.8846
1.8942
1.8892
1.8933
1.8926
1.8931
1.8940
1.8924
1.8890
1.8908
1.8917
1.8937
1.8919
1.8932
1.8958
1.8928
1.8952
1.8943
1.8917
1.8917
1.8938
1.8959
1.8917
1.8889
1.9008
1.8953
1.8948
1.9002
1.8964
1.8955
1.8894
1.8930
1.8945
1.8914
1.8883
1.8954
1.8877
1.8924
1.8970
1.8906
1.8952
1.8955
1.8974
1.8914
1.8925
1.8921
1.8951
1.8899
1.8959
1.8983
1.8928
1.8962
1.8953
1.8908
1.8929
1.8880
1.8909
1.8988
1.8922
1.8917
1.8908
1.8931
1.8977
1.8866
1.8931
1.8888
1.8926
1.8912
1.8887
1.8867
1.8958
1.8908
1.8931
1.8919
1.8928
1.8912
1.8959
1.8953
1.8879
1.8930
1.8931
1.8943
1.8929
1.8939
1.8948
1.8945
1.8934
1.8909
1.8929
1.8967
1.8955
1.8930
1.8956
1.8972
1.8950
1.8971

Iteration: 400
1.8915
1.8882
1.8888
1.8967
1.8921
1.8940
1.8949
1.8958
1.8940
1.8907
1.8929
1.8971
1.8935
1.8947
1.8949
1.8944
1.8910
1.8932
1.8969
1.8900
1.8951
1.8937
1.8935
1.8913
1.8901
1.8872
1.8966
1.8900
1.8909
1.8890
1.8975
1.8963
1.8915
1.8881
1.8933
1.8930
1.8971
1.8964
1.8902
1.8922
1.8932
1.8934
1.8972
1.8944
1.8898
1.8953
1.8900
1.8890
1.8972
1.8982
1.8910
1.8930
1.8889
1.8930
1.8946
1.8992
1.8962
1.8948
1.8938
1.8943
1.8947
1.8917
1.8914
1.8953
1.8941
1.8953
1.8951
1.8939
1.8973
1.8976
1.8959
1.8904
1.8917
1.8917
1.8975
1.8953
1.8902
1.8875
1.8895
1.8847
1.8935
1.8931
1.8883
1.8950
1.8940
1.8944
1.8908
1.8969
1.8889
1.8918
1.8901
1.8944
1.8884
1.8933
1.8962
1.8956
1.8895
1.8904
1.8965
1.8919

Iteration: 500
1.8959
1.8950
1.8900
1.8951
1.8938
1.8954
1.8924
1.8913
1.8968
1.8985
1.8969
1.8902
1.8924
1.8953
1.8911
1.8956
1.8979
1.8898
1.8954
1.8951
1.8925
1.8960
1.8950
1.8914
1.8936
1.8937
1.8904
1.8920
1.8944
1.8886
1.8910
1.8949
1.8978
1.8964
1.8936
1.8973
1.8912
1.8939
1.8948
1.8819
1.8959
1.8907
1.8928
1.8875
1.8960
1.8972
1.8958
1.8953
1.8956
1.8936
1.8990
1.8930
1.8921
1.8888
1.8945
1.8927
1.8953
1.8904
1.8912
1.8943
1.8899
1.8966
1.8915
1.8906
1.8919
1.8937
1.8925
1.8920
1.8965
1.8896
1.8961
1.8956
1.8985
1.8969
1.8945
1.8946
1.8981
1.8976
1.8916
1.8975
1.8950
1.8981
1.8873
1.8967
1.8950
1.8905
1.8905
1.8948
1.8885
1.8956
1.8964
1.8970
1.8942
1.8942
1.8968
1.8967
1.8975
1.8934
1.8934
1.8936

Iteration: 600
1.8933
1.8904
1.8910
1.8897
1.8926
1.8911
1.8926
1.8905
1.8870
1.8936
1.8931
1.9010
1.8962
1.8887
1.8923
1.8912
1.8925
1.8933
1.8955
1.8934
1.8900
1.8927
1.8935
1.8916
1.8913
1.8919
1.8956
1.8955
1.8930
1.8963
1.8912
1.8880
1.8923
1.8877
1.8923
1.8920
1.8971
1.8880
1.8957
1.8915
1.8932
1.8931
1.8952
1.8909
1.8944
1.8917
1.8890
1.8926
1.8942
1.8928
1.8981
1.8932
1.8950
1.8941
1.8956
1.8925
1.8969
1.8963
1.8903
1.8966
1.8962
1.8957
1.8910
1.8908
1.8914
1.8967
1.8915
1.8932
1.8941
1.8992
1.8850
1.8971
1.8923
1.8921
1.8940
1.8945
1.8951
1.8978
1.8953
1.8958
1.8956
1.8998
1.8924
1.8907
1.8932
1.8945
1.8929
1.8963
1.8930
1.8952
1.8932
1.8935
1.8931
1.8943
1.8980
1.8920
1.8936
1.8888
1.8930
1.8920

Iteration: 700
1.8954
1.8941
1.8925
1.8921
1.8935
1.8904
1.8908
1.8947
1.8928
1.8932
1.8937
1.8865
1.8975
1.8942
1.8962
1.8901
1.8913
1.8913
1.8933
1.8937
1.8912
1.8919
1.8973
1.8949
1.8897
1.8932
1.8949
1.8913
1.8943
1.8916
1.8947
1.8951
1.8932
1.8958
1.8944
1.8894
1.8967
1.8945
1.8944
1.8948
1.8932
1.8980
1.8897
1.8975
1.8913
1.8955
1.8980
1.8936
1.8971
1.8917
1.8959
1.8970
1.8945
1.8938
1.8951
1.8987
1.8978
1.8944
1.8924
1.8940
1.8924
1.8979
1.8960
1.8987
1.8915
1.8879
1.8953
1.8921
1.8975
1.8983
1.8860
1.8938
1.8923
1.8885
1.8923
1.9006
1.8933
1.9018
1.8932
1.8985
1.8937
1.8937
1.8967
1.8938
1.8963
1.8993
1.8965
1.8933
1.8959
1.8921
1.8980
1.8946
1.8924
1.8933
1.8930
1.8896
1.8901
1.8919
1.8919
1.8965

Iteration: 800
1.8946
1.8917
1.8939
1.8932
1.8915
1.8925
1.8931
1.8958
1.8962
1.8986
1.8921
1.8937
1.8929
1.8963
1.8925
1.8943
1.8909
1.8931
1.8951
1.8949
1.8938
1.8968
1.8897
1.8954
1.8942
1.8934
1.8930
1.8895
1.8942
1.8952
1.8923
1.8949
1.8960
1.8906
1.8954
1.8976
1.8904
1.8960
1.8927
1.8951
1.8969
1.8930
1.8943
1.8967
1.8961
1.8956
1.8940
1.8927
1.8930
1.8974
1.8951
1.8993
1.8961
1.8929
1.8969
1.8947
1.8951
1.8945
1.8894
1.8934
1.8907
1.8945
1.8930
1.8899
1.8926
1.8989
1.8905
1.8925
1.8932
1.8954
1.8954
1.8952
1.8987
1.8969
1.8932
1.8950
1.8953
1.8915
1.8970
1.8971
1.8918
1.8916
1.8940
1.8969
1.8960
1.8945
1.8944
1.8934
1.8964
1.8903
1.8936
1.8971
1.8933
1.8911
1.8946
1.8905
1.8948
1.8939
1.8956
1.8965

Iteration: 900
1.8947
1.8979
1.8973
1.8900
1.8935
1.8960
1.8984
1.8934
1.8929
1.8938
1.8945
1.8987
1.8930
1.8957
1.8915
1.8933
1.8947
1.8942
1.8905
1.8856
1.8905
1.8908
1.8935
1.8961
1.8940
1.8928
1.8953
1.8922
1.8957
1.8962
1.8939
1.8953
1.8937
1.8923
1.8926
1.8965
1.8985
1.8950
1.8989
1.8987
1.8937
1.8924
1.8914
1.8902
1.8977
1.8928
1.8908
1.8948
1.8940
1.8923
1.8942
1.8978
1.8937
1.8938
1.8932
1.8915
1.8868
1.8933
1.8894
1.8973
1.8935
1.8938
1.8964
1.8930
1.8908
1.8963
1.8922
1.8941
1.8897
1.8922
1.8926
1.8953
1.8928
1.8909
1.8954
1.8975
1.8932
1.8946
1.8928
1.8910
1.8927
1.8963
1.8927
1.8915
1.8919
1.9000
1.8931
1.8929
1.8967
1.8931
1.8937
1.8915
1.8967
1.8933
1.8965
1.8933
1.8971
1.8958
1.8958
1.8915

Iteration: 1000
1.8895
1.8922
1.8936
1.8936
1.8951
1.8959
1.8964
1.8904
1.8932
1.8947
1.8953
1.8892
1.8952
1.8939
1.8937
1.8926
1.8904
1.8947
1.8940
1.8923
1.8938
1.8915
1.8930
1.8907
1.8939
1.8929
1.8900
1.8988
1.8957
1.8939
1.8940
1.8940
1.8939
1.8918
1.8947
1.8987
1.8919
1.9003
1.8948
1.8920
1.8955
1.8963
1.8938
1.8909
1.8965
1.8954
1.8941
1.8939
1.8926
1.9011
1.8930
1.8971
1.8914
1.8893
1.8928
1.8945
1.8956
1.8954
1.8913
1.8953
1.8940
1.8969
1.8947
1.8894
1.8967
1.8972
1.8946
1.8908
1.8992
1.8939
1.8946
1.8912
1.8931
1.8977
1.8946
1.8949
1.8958
1.8976
1.8992
1.8884
1.8968
1.8919
1.8942
1.8926
1.8934
1.8934
1.8942
1.9010
1.8885
1.8919
1.8934
1.8981
1.8990
1.8904
1.8958
1.8942
1.8936
1.8892
1.8960
1.8926

Iteration: 1100
1.8940
1.8950
1.8944
1.8985
1.8905
1.8900
1.8932
1.8951
1.8901
1.8932
1.8962
1.8984
1.8911
1.8963
1.8917
1.8930
1.8947
1.8930
1.8926
1.8927
1.8948
1.8934
1.8907
1.8942
1.8927
1.8943
1.8944
1.8912
1.8939
1.8923
1.8947
1.8930
1.8935
1.8937
1.8952
1.8955
1.8881
1.8960
1.8925
1.8973
1.8930
1.8936
1.8895
1.8947
1.8935
1.8975
1.8907
1.8943
1.8928
1.8947
1.8930
1.8958
1.8962
1.8957
1.8965
1.8962
1.8925
1.8937
1.8953
1.8955
1.8918
1.8916
1.8947
1.8952
1.8923
1.8947
1.8920
1.8905
1.8957
1.8929
1.8914
1.8901
1.8966
1.8946
1.8948
1.8892
1.8981
1.8923
1.8946
1.8997
1.8940
1.8927
1.8955
1.8963
1.8959
1.8941
1.8973
1.8952
1.8951
1.8935
1.8924
1.8953
1.8949
1.8899
1.8949
1.8910
1.8972
1.8971
1.8926
1.8926

Iteration: 1200
1.8906
1.8972
1.8920
1.8969
1.8935
1.8965
1.8945
1.8938
1.8948
1.8949
1.8967
1.8923
1.8949
1.8957
1.8923
1.8927
1.8899
1.8951
1.8964
1.8917
1.8948
1.8970
1.8917
1.8894
1.8918
1.8962
1.8964
1.8972
1.8952
1.8890
1.8952
1.8946
1.8920
1.8938
1.8942
1.8919
1.8926
1.8951
1.8915
1.8928
1.8977
1.8945
1.8980
1.8964
1.8945
1.8947
1.8955
1.8957
1.8923
1.8952
1.8991
1.8952
1.8932
1.8903
1.8947
1.8891
1.8988
1.8921
1.8893
1.8930
1.8920
1.8925
1.8943
1.8930
1.8937
1.8967
1.8946
1.8973
1.8964
1.8961
1.8955
1.8928
1.8927
1.8908
1.8958
1.8962
1.8920
1.8920
1.8972
1.8979
1.8963
1.8892
1.8920
1.8940
1.8930
1.8929
1.8959
1.8940
1.8956
1.8970
1.8937
1.8935
1.8952
1.8953
1.8937
1.8960
1.8914
1.8911
1.8975
1.8990

Iteration: 1300
1.8968
1.8983
1.8928
1.8950
1.8929
1.8957
1.8946
1.8951
1.8919
1.8920
1.8932
1.9006
1.8914
1.8908
1.8969
1.8918
1.8942
1.8935
1.8977
1.8924
1.8936
1.8927
1.8895
1.8954
1.8941
1.8943
1.8939
1.8942
1.8952
1.8961
1.8923
1.8936
1.8948
1.8936
1.8944
1.8947
1.8926
1.8966
1.8903
1.8911
1.8942
1.8948
1.8966
1.8938
1.8975
1.8951
1.8914
1.8873
1.8917
1.8920
1.8929
1.8930
1.8895
1.8951
1.8917
1.8974
1.8942
1.8936
1.8955
1.8969
1.8958
1.8938
1.8956
1.8943
1.8955
1.8916
1.8946
1.8901
1.8979
1.8931
1.8959
1.8983
1.8922
1.8914
1.8883
1.8949
1.8942
1.8938
1.8958
1.8956
1.8919
1.8940
1.8944
1.8961
1.8959
1.8961
1.8913
1.8968
1.8944
1.8941
1.8905
1.8942
1.8917
1.8890
1.8899
1.8964
1.8977
1.8967
1.8976
1.8942

Iteration: 1400
1.8957
1.8943
1.8950
1.8992
1.8919
1.8950
1.8974
1.8959
1.8939
1.8952
1.8989
1.8935
1.8933
1.8954
1.8964
1.8945
1.8941
1.8928
1.8918
1.8932
1.8946
1.8982
1.8929
1.8905
1.8960
1.8952
1.8926
1.8921
1.8949
1.8957
1.8914
1.8909
1.8909
1.8923
1.8964
1.8969
1.8942
1.8914
1.8945
1.8928
1.8945
1.8918
1.8929
1.8977
1.8927
1.8925
1.8973
1.8943
1.8904
1.8940
1.8907
1.8912
1.8950
1.8917
1.8912
1.8936
1.8961
1.8948
1.8938
1.8934
1.8914
1.8876
1.8954
1.8935
1.8959
1.8959
1.8941
1.8909
1.8932
1.8982
1.8975
1.8985
1.8958
1.8957
1.8909
1.8965
1.8937
1.8920
1.8945
1.8963
1.8962
1.8924
1.8921
1.8950
1.8965
1.8899
1.8980
1.8949
1.8925
1.8954
1.8892
1.8935
1.8947
1.8922
1.8954
1.8936
1.8940
1.8908
1.8938
1.8920

Iteration: 1500
1.8928
1.8930
1.8937
1.8924
1.8937
1.8965
1.8923
1.8934
1.8932
1.8951
1.8963
1.8947
1.8963
1.8946
1.8924
1.9002
1.8926
1.8970
1.8936
1.8986
1.8923
1.8956
1.8935
1.8942
1.8975
1.8935
1.8928
1.8934
1.8901
1.8923
1.8954
1.8909
1.8950
1.8952
1.8949
1.8955
1.8944
1.8910
1.8946
1.8897
1.8935
1.8967
1.8924
1.8906
1.8921
1.8929
1.8930
1.8901
1.8946
1.8953
1.8991
1.8992
1.8925
1.8974
1.8945
1.8930
1.8953
1.8936
1.8957
1.8951
1.8910
1.8979
1.8911
1.8930
1.8903
1.8938
1.8929
1.8945
1.8970
1.8906
1.8982
1.8956
1.8931
1.8880
1.8960
1.8935
1.8926
1.8906
1.8983
1.8935
1.8946
1.8958
1.8978
1.8891
1.8950
1.8967
1.8951
1.8948
1.9015
1.8961
1.8884
1.8969
1.8909
1.8948
1.8939
1.8955
1.8894
1.8904
1.8980
1.8974

Iteration: 1600
1.8952
1.8942
1.8942
1.8934
1.8902
1.8958
1.8982
1.8948
1.8960
1.8967
1.8962
1.8941
1.8940
1.8965
1.8932
1.8928
1.8966
1.8959
1.9005
1.8918
1.8909
1.8941
1.8936
1.8926
1.8907
1.8968
1.8923
1.8900
1.8950
1.8933
1.8923
1.8957
1.8945
1.8939
1.8944
1.8928
1.8962
1.8964
1.8934
1.8938
1.8956
1.8967
1.8910
1.8898
1.8881
1.8944
1.8921
1.8981
1.8972
1.8994
1.8978
1.8933
1.8935
1.8985
1.8966
1.8958
1.8919
1.8921
1.8924
1.8938
1.8961
1.8937
1.8875
1.8928
1.8912
1.9006
1.8976
1.8930
1.8946
1.8978
1.8919
1.8947
1.8949
1.8974
1.8962
1.8950
1.8942
1.8982
1.8897
1.8964
1.8944
1.8956
1.8948
1.8978
1.8921
1.8948
1.8964
1.8961
1.8964
1.8950
1.8913
1.8913
1.8925
1.8961
1.8930
1.8972
1.8951
1.8934
1.8954
1.8950

Iteration: 1700
1.8956
1.8909
1.8911
1.8930
1.8919
1.8908
1.8895
1.8911
1.8914
1.8965
1.8919
1.8936
1.8986
1.8949
1.8912
1.8904
1.8923
1.8976
1.8952
1.9007
1.8935
1.8925
1.8896
1.8910
1.8927
1.8956
1.8939
1.8931
1.8920
1.8917
1.8934
1.8924
1.8928
1.8943
1.8946
1.8959
1.8925
1.8953
1.8958
1.8918
1.8953
1.8925
1.8997
1.8953
1.8920
1.8955
1.8971
1.8955
1.8954
1.8987
1.8923
1.8935
1.8905
1.8939
1.8961
1.8974
1.8947
1.8965
1.8955
1.8952
1.8960
1.8910
1.8921
1.8953
1.8934
1.8946
1.8934
1.8936
1.8951
1.8930
1.9000
1.8951
1.8957
1.8976
1.8952
1.8941
1.8903
1.8927
1.8954
1.8958
1.8937
1.8915
1.8952
1.8961
1.8942
1.8964
1.8947
1.8893
1.8955
1.8915
1.8915
1.8960
1.8975
1.8911
1.8944
1.8930
1.8918
1.8928
1.8916
1.8950

Iteration: 1800
1.8942
1.8963
1.8918
1.8950
1.8939
1.8921
1.8960
1.8919
1.8952
1.8960
1.8956
1.8957
1.8946
1.8961
1.8908
1.8955
1.8972
1.8949
1.8953
1.8990
1.8951
1.8975
1.8950
1.8915
1.8939
1.8922
1.8941
1.8933
1.8932
1.8944
1.8954
1.8981
1.8935
1.8922
1.8963
1.8927
1.8938
1.8935
1.8970
1.8924
1.8893
1.9001
1.8929
1.8928
1.8930
1.8921
1.8958
1.8970
1.8993
1.8921
1.8945
1.8939
1.8936
1.8899
1.8947
1.8963
1.8978
1.8968
1.8966
1.8874
1.8947
1.8934
1.8987
1.8919
1.8939
1.8961
1.8944
1.8949
1.8909
1.8943
1.8887
1.8888
1.8961
1.8903
1.8923
1.8939
1.8916
1.8922
1.8972
1.8945
1.8906
1.8924
1.8955
1.8964
1.8940
1.8918
1.8924
1.8954
1.8958
1.8932
1.8924
1.8948
1.8936
1.8912
1.8951
1.8885
1.8984
1.8911
1.8903
1.8920

Iteration: 1900
1.8968
1.8975
1.8895
1.8958
1.8932
1.8941
1.8927
1.8970
1.8904
1.8944
1.8931
1.8955
1.8979
1.8985
1.8898
1.8962
1.8943
1.8917
1.8936
1.8939
1.8907
1.8940
1.8946
1.8923
1.8921
1.8971
1.8944
1.8910
1.8920
1.8940
1.8903
1.8936
1.8923
1.8873
1.8912
1.8921
1.8909
1.8959
1.8911
1.8937
1.8938
1.8965
1.8936
1.8909
1.8965
1.8963
1.8933
1.8913
1.8916
1.8959
1.8915
1.8934
1.8934
1.8927
1.8937
1.8925
1.8983
1.8922
1.8937
1.8954
1.8934
1.8913
1.8887
1.8916
1.8961
1.8900
1.8919
1.8960
1.8942
1.8915
1.8905
1.8916
1.8918
1.8945
1.8925
1.8916
1.8959
1.8918
1.8976
1.8914
1.8933
1.8951
1.8919
1.8961
1.8938
1.8980
1.8947
1.8932
1.8990
1.8942
1.8917
1.8956
1.8909
1.8932
1.8972
1.8870
1.8927
1.8980
1.8948
1.8909

Iteration: 2000
1.8946
1.8922
1.8944
1.8944
1.8951
1.9006
1.8914
1.8946
1.8950
1.8946
1.8967
1.8972
1.8939
1.8921
1.8935
1.8951
1.8974
1.8958
1.8952
1.8943
1.8900
1.8921
1.8894
1.8954
1.8938
1.8973
1.8954
1.8921
1.8947
1.8920
1.8943
1.8926
1.8953
1.8939
1.8915
1.8959
1.8968
1.8957
1.8939
1.8932
1.8913
1.8972
1.8949
1.8984
1.8982
1.8936
1.8914
1.8970
1.8985
1.8915
1.8914
1.8930
1.8914
1.8901
1.8952
1.8979
1.8952
1.8917
1.8967
1.8945
1.8943
1.8970
1.8963
1.8946
1.8956
1.8934
1.8937
1.8947
1.8958
1.8948
1.8965
1.8941
1.8926
1.8956
1.8951
1.8926
1.8933
1.8958
1.8904
1.8936
1.8954
1.8901
1.8940
1.8924
1.8927
1.8962
1.8890
1.8953
1.8963
1.8949
1.8937
1.8939
1.8960
1.8935
1.8908
1.8934
1.8938
1.8933
1.8984
1.8960

Iteration: 2100
1.8896
1.8932
1.8954
1.8918
1.8911
1.8945
1.8977
1.8911
1.8913
1.8912
1.8946
1.8922
1.8921
1.8940
1.8903
1.8929
1.8932
1.8911
1.8991
1.8949
1.8896
1.8930
1.8942
1.8969
1.8995
1.8961
1.8942
1.8965
1.8939
1.8959
1.8907
1.8950
1.8956
1.8921
1.8908
1.8945
1.8948
1.8959
1.8929
1.8946
1.8956
1.8978
1.8932
1.8924
1.8937
1.8954
1.8959
1.8916
1.8966
1.8938
1.8894
1.8911
1.8941
1.8954
1.8942
1.8953
1.8972
1.8921
1.8957
1.8969
1.8915
1.8956
1.8856
1.8909
1.8991
1.8971
1.8982
1.8927
1.8947
1.8917
1.8918
1.8975
1.8942
1.8928
1.8962
1.8926
1.8963
1.8963
1.8962
1.8965
1.8958
1.8934
1.8962
1.8934
1.8955
1.8926
1.8931
1.8960
1.8910
1.8933
1.8943
1.8962
1.8963
1.8941
1.8953
1.8905
1.8938
1.8923
1.8905
1.8934

Iteration: 2200
1.8968
1.8935
1.8953
1.8923
1.8926
1.8926
1.8919
1.8956
1.8961
1.8910
1.8976
1.8962
1.8964
1.8970
1.8986
1.8894
1.8924
1.8905
1.8907
1.8957
1.8986
1.8911
1.9009
1.8997
1.8938
1.8952
1.8918
1.8923
1.8959
1.8967
1.8929
1.8927
1.8922
1.8948
1.8918
1.8897
1.8948
1.8949
1.8924
1.8951
1.8969
1.8955
1.8973
1.8963
1.8941
1.8924
1.8977
1.8912
1.8934
1.9000
1.8937
1.8907
1.8902
1.8970
1.8935
1.8942
1.8992
1.8961
1.8960
1.8968
1.8932
1.8934
1.8915
1.8933
1.8944
1.8902
1.8895
1.8904
1.8993
1.8936
1.8963
1.8910
1.8915
1.8977
1.8933
1.8923
1.8944
1.8892
1.8954
1.8921
1.8944
1.8962
1.8960
1.8969
1.8914
1.8938
1.8969
1.8932
1.8940
1.8934
1.8939
1.8971
1.8978
1.8900
1.8928
1.8935
1.8928
1.8915
1.8939
1.8947

Iteration: 2300
1.8968
1.8913
1.8959
1.8979
1.8934
1.8937
1.8954
1.8944
1.8943
1.8954
1.8970
1.8934
1.8924
1.8936
1.8981
1.8903
1.8947
1.8900
1.8918
1.8960
1.8905
1.8968
1.8939
1.8938
1.8898
1.8940
1.8939
1.8923
1.8914
1.8929
1.8942
1.8927
1.8962
1.8951
1.8929
1.8895
1.8885
1.8923
1.8951
1.8880
1.8929
1.8978
1.8960
1.8924
1.8925
1.8916
1.8944
1.8910
1.8909
1.8918
1.8981
1.8962
1.8932
1.8869
1.8954
1.8923
1.8978
1.8920
1.8944
1.8941
1.8953
1.8925
1.8932
1.8972
1.8922
1.8919
1.8906
1.8915
1.8949
1.8894
1.8904
1.8914
1.8958
1.8934
1.8947
1.8944
1.8936
1.8949
1.8946
1.8985
1.8949
1.8927
1.8951
1.8908
1.8945
1.8917
1.8972
1.8945
1.8895
1.8964
1.8954
1.8980
1.8923
1.8909
1.8901
1.8949
1.8965
1.8959
1.8947
1.8924

Iteration: 2400
1.8944
1.8926
1.8949
1.8952
1.8980
1.8893
1.8916
1.8932
1.8995
1.8954
1.8932
1.8936
1.8936
1.8950
1.8910
1.8929
1.8924
1.8936
1.8941
1.8968
1.8957
1.8943
1.8960
1.8943
1.8960
1.8955
1.8950
1.8921
1.8959
1.8935
1.8918
1.8910
1.8940
1.8946
1.8935
1.8976
1.8961
1.8935
1.8926
1.8920
1.8921
1.8904
1.8918
1.8955
1.8925
1.8990
1.8978
1.8933
1.8949
1.8992
1.8916
1.8970
1.8950
1.8952
1.8919
1.8914
1.8948
1.8941
1.8924
1.8900
1.8967
1.8953
1.8917
1.8903
1.8985
1.8972
1.8929
1.8956
1.8975
1.8911
1.8949
1.8935
1.8929
1.8937
1.8969
1.8944
1.8895
1.8933
1.8883
1.8933
1.8936
1.8948
1.8973
1.8999
1.8880
1.8926
1.8926
1.8918
1.8973
1.9006
1.8919
1.8890
1.8901
1.8936
1.8933
1.8925
1.8950
1.8937
1.8979
1.8938

Iteration: 2500
1.8917
1.8944
1.8946
1.8923
1.8963
1.8966
1.8947
1.8925
1.8926
1.8952
1.8931
1.8943
1.8932
1.8931
1.8917
1.8897
1.8942
1.8932
1.8935
1.8948
1.8958
1.8908
1.8946
1.8937
1.8933
1.8977
1.8939
1.8972
1.8899
1.8927
1.8922
1.8922
1.8911
1.8954
1.8956
1.8976
1.8947
1.8923
1.8982
1.8930
1.8959
1.8953
1.8968
1.8949
1.8953
1.8956
1.8975
1.8965
1.8945
1.8907
1.8932
1.8950
1.8980
1.8949
1.8950
1.8932
1.8969
1.8922
1.8885
1.8987
1.8970
1.8958
1.8952
1.8973
1.8954
1.8953
1.8930
1.8969
1.8928
1.8947
1.8894
1.8931
1.8950
1.8979
1.8973
1.8939
1.8914
1.8911
1.8959
1.8899
1.8921
1.8984
1.8914
1.8958
1.8920
1.8976
1.8971
1.8920
1.8923
1.8935
1.8913
1.8931
1.8985
1.8952
1.8920
1.8939
1.8947
1.8947
1.8978
1.8947

Iteration: 2600
1.8973
1.8987
1.8935
1.8944
1.8958
1.8948
1.8890
1.8916
1.8933
1.8947
1.8929
1.8968
1.8954
1.8969
1.8952
1.8878
1.8927
1.8946
1.8986
1.8921
1.8930
1.8974
1.8958
1.8930
1.8936
1.8954
1.8959
1.8929
1.8912
1.8911
1.8943
1.8983
1.8935
1.8965
1.8972
1.8929
1.8936
1.8919
1.8963
1.8953
1.8923
1.8964
1.8925
1.8927
1.8946
1.8876
1.8952
1.8929
1.8946
1.8966
1.8914
1.8915
1.8965
1.8913
1.9014
1.8938
1.8952
1.8954
1.8972
1.8909
1.8935
1.8928
1.8956
1.8941
1.8939
1.8954
1.8902
1.8911
1.8954
1.8948
1.8965
1.8883
1.8896
1.8945
1.8915
1.8958
1.8938
1.9022
1.8935
1.8866
1.8940
1.8911
1.8920
1.8947
1.8950
1.8976
1.8968
1.8936
1.8917
1.8950
1.8940
1.8938
1.8955
1.8920
1.8940
1.8972
1.8910
1.8960
1.8951
1.8943
Found better policy, and the validation result is: 1.8939

Iteration: 2700
1.8934
1.8961
1.8988
1.8937
1.8953
1.8963
1.8959
1.8921
1.8964
1.8957
1.8952
1.8912
1.8947
1.8938
1.8925
1.8962
1.8911
1.8958
1.8923
1.8998
1.8927
1.8976
1.8902
1.8904
1.8961
1.8912
1.8970
1.8948
1.8944
1.8934
1.8927
1.8937
1.9014
1.8942
1.8959
1.8934
1.8932
1.8899
1.8937
1.8916
1.8901
1.8911
1.8860
1.8978
1.8938
1.8955
1.8995
1.8891
1.8940
1.8989
1.8938
1.8943
1.8977
1.8941
1.8878
1.8923
1.8935
1.8931
1.8929
1.8949
1.8852
1.8919
1.8957
1.8962
1.8929
1.8925
1.8913
1.8947
1.8942
1.8972
1.8956
1.8956
1.8924
1.8926
1.8926
1.8926
1.8913
1.8971
1.8978
1.8956
1.8962
1.8922
1.8943
1.8938
1.8912
1.8927
1.8896
1.8953
1.8966
1.8938
1.8973
1.8936
1.8936
1.8937
1.8938
1.8931
1.8927
1.8971
1.8925
1.9001

Iteration: 2800
1.8915
1.8957
1.8947
1.8914
1.8982
1.8934
1.8935
1.8922
1.8942
1.8937
1.8904
1.8929
1.8921
1.8971
1.8907
1.8937
1.8900
1.8927
1.8979
1.8946
1.8930
1.8926
1.9000
1.8952
1.8912
1.8929
1.8944
1.8930
1.8945
1.8950
1.8917
1.8941
1.8927
1.8959
1.8935
1.8911
1.8927
1.8953
1.8966
1.8949
1.8951
1.8958
1.8899
1.8950
1.8958
1.8933
1.8940
1.8911
1.8970
1.8928
1.8963
1.8905
1.8930
1.8938
1.8947
1.8941
1.8931
1.8913
1.8941
1.8956
1.8964
1.8936
1.9005
1.8939
1.8914
1.8910
1.8951
1.8956
1.8938
1.8894
1.8925
1.8959
1.8943
1.8963
1.8950
1.8906
1.8949
1.9005
1.8940
1.8941
1.8944
1.8913
1.8954
1.8945
1.8904
1.8945
1.8931
1.8937
1.8969
1.8935
1.8950
1.8916
1.8931
1.8950
1.8937
1.8941
1.8950
1.8890
1.8913
1.8935

Iteration: 2900
1.8943
1.8934
1.8959
1.8915
1.8983
1.8924
1.8931
1.8926
1.8951
1.8937
1.8933
1.8915
1.8930
1.8954
1.8951
1.8880
1.8945
1.8978
1.8918
1.8971
1.8989
1.8901
1.8928
1.8989
1.8925
1.8914
1.8926
1.8942
1.8963
1.8921
1.8912
1.8903
1.8919
1.8958
1.8924
1.8965
1.8946
1.8945
1.8925
1.8956
1.8918
1.8923
1.8976
1.8946
1.8947
1.8939
1.8993
1.8955
1.8930
1.8954
1.8931
1.8936
1.8923
1.8974
1.8931
1.8945
1.8991
1.8965
1.8949
1.8985
1.8911
1.8934
1.8957
1.8934
1.8922
1.8956
1.8933
1.8973
1.8937
1.8902
1.8967
1.8934
1.8932
1.8858
1.8970
1.8918
1.8935
1.8970
1.8985
1.8937
1.8952
1.8946
1.8942
1.8964
1.8967
1.8978
1.8962
1.8978
1.8988
1.8943
1.8945
1.8966
1.8988
1.8910
1.8941
1.8926
1.8905
1.8972
1.8948
1.8944

Iteration: 3000
1.8924
1.8950
1.8961
1.8954
1.8958
1.8895
1.8954
1.8948
1.8950
1.8921
1.8948
1.8932
1.8924
1.8921
1.8940
1.8947
1.8963
1.8922
1.8976
1.8942
1.8940
1.8976
1.8898
1.8930
1.8896
1.8909
1.8969
1.8939
1.8922
1.8935
1.8914
1.8960
1.8930
1.8941
1.8910
1.8939
1.8917
1.8934
1.8955
1.8921
1.8968
1.8930
1.8904
1.8920
1.8969
1.8960
1.8924
1.8912
1.8905
1.8980
1.8922
1.8963
1.8906
1.8932
1.8940
1.8951
1.8967
1.8943
1.8937
1.8912
1.8953
1.8956
1.8929
1.8942
1.8951
1.8958
1.8927
1.8982
1.8987
1.8928
1.8950
1.8936
1.8924
1.8990
1.8928
1.8965
1.8926
1.8894
1.8894
1.8952
1.8938
1.8926
1.8945
1.8952
1.8881
1.8934
1.8915
1.8920
1.8908
1.8969
1.8953
1.8924
1.8981
1.8952
1.8913
1.8993
1.8988
1.8906
1.8937
1.8929

Iteration: 3100
1.8917
1.8957
1.8918
1.8929
1.8951
1.8950
1.8944
1.8921
1.8926
1.8928
1.8941
1.8937
1.8948
1.8991
1.8925
1.8926
1.8930
1.8923
1.8946
1.8941
1.8908
1.8942
1.8983
1.8945
1.8917
1.8994
1.8936
1.8979
1.8926
1.8942
1.8971
1.8924
1.8931
1.8946
1.8953
1.8960
1.8928
1.8938
1.8947
1.8926
1.8913
1.8951
1.8965
1.8913
1.8938
1.8935
1.8906
1.8959
1.8951
1.8931
1.8947
1.8924
1.8969
1.8931
1.8953
1.8949
1.8950
1.8967
1.8947
1.8940
1.8929
1.8902
1.8953
1.8924
1.8973
1.8944
1.9011
1.8923
1.8928
1.8931
1.8966
1.8953
1.8960
1.8928
1.8904
1.8956
1.8948
1.8945
1.8942
1.8929
1.8938
1.8938
1.8932
1.8958
1.8949
1.8943
1.8956
1.8928
1.8942
1.8953
1.8960
1.8935
1.8926
1.8958
1.8945
1.8897
1.8899
1.8933
1.8935
1.8925

Iteration: 3200
1.8940
1.8963
1.8925
1.8982
1.8952
1.8923
1.8939
1.8926
1.8920
1.8926
1.8975
1.8935
1.8967
1.8939
1.8953
1.8940
1.8930
1.8977
1.8973
1.8976
1.8901
1.8931
1.8931
1.8965
1.8949
1.8938
1.8950
1.8953
1.8891
1.8971
1.8894
1.8935
1.8901
1.8976
1.8948
1.8958
1.8924
1.8911
1.8939
1.8954
1.8962
1.8910
1.8951
1.8938
1.8976
1.8972
1.8927
1.8961
1.8956
1.8906
1.8937
1.8913
1.8960
1.8987
1.8928
1.8978
1.8939
1.8948
1.8943
1.8938
1.8992
1.8960
1.8945
1.8937
1.8914
1.8915
1.8925
1.8934
1.8962
1.8932
1.8972
1.8937
1.8905
1.8913
1.8977
1.8947
1.8937
1.9000
1.8924
1.8930
1.8959
1.8920
1.8939
1.8958
1.8955
1.8915
1.8971
1.8912
1.8919
1.8925
1.8935
1.8966
1.8991
1.8941
1.8961
1.8957
1.8913
1.8939
1.8967
1.8926

Iteration: 3300
1.8948
1.8964
1.8914
1.8953
1.8950
1.8949
1.8957
1.8950
1.8949
1.8940
1.8967
1.8979
1.8932
1.8912
1.8944
1.8929
1.8935
1.8907
1.8928
1.8919
1.8930
1.8956
1.8955
1.8939
1.8931
1.8958
1.8928
1.8919
1.8898
1.8998
1.8923
1.8904
1.8941
1.8960
1.8934
1.8934
1.8905
1.8952
1.8933
1.8950
1.8972
1.8982
1.8891
1.8952
1.8925
1.9010
1.8979
1.8944
1.8936
1.8969
1.8928
1.8985
1.8948
1.8921
1.8942
1.8926
1.8939
1.8953
1.8916
1.8962
1.8896
1.8939
1.8951
1.8924
1.8914
1.8917
1.8904
1.8888
1.8981
1.8902
1.8984
1.8984
1.8949
1.8982
1.8989
1.8920
1.8919
1.8967
1.8924
1.8916
1.8946
1.8994
1.8924
1.8979
1.8938
1.8926
1.8917
1.8925
1.8982
1.8952
1.8904
1.8985
1.8968
1.8934
1.8919
1.8966
1.8986
1.8942
1.8971
1.8970

Iteration: 3400
1.8933
1.8891
1.8937
1.8896
1.8941
1.8894
1.8901
1.8983
1.8932
1.8945
1.8920
1.8971
1.8948
1.8912
1.8880
1.8938
1.8977
1.8937
1.8958
1.8966
1.8970
1.8878
1.8947
1.8959
1.8927
1.8918
1.8952
1.8923
1.8923
1.8962
1.8921
1.8930
1.8949
1.8907
1.8902
1.8907
1.8943
1.8945
1.8921
1.8960
1.8971
1.8949
1.9009
1.8945
1.9004
1.8947
1.8921
1.8972
1.8931
1.8929
1.8967
1.8971
1.8903
1.8938
1.8932
1.8929
1.8943
1.8930
1.8962
1.8986
1.8989
1.8916
1.8906
1.8929
1.8950
1.8950
1.8938
1.8948
1.8941
1.8981
1.8952
1.8968
1.8968
1.8940
1.8962
1.8955
1.8962
1.8938
1.8941
1.8956
1.8940
1.8953
1.8981
1.8900
1.8961
1.8954
1.8952
1.8922
1.8982
1.8939
1.8944
1.8931
1.8975
1.8932
1.8908
1.8903
1.8920
1.8937
1.8951
1.8961

Iteration: 3500
1.8924
1.8940
1.8929
1.8925
1.8908
1.8942
1.8928
1.8956
1.8930
1.8963
1.8995
1.8911
1.8948
1.8911
1.8932
1.8951
1.8920
1.8997
1.8956
1.8961
1.8990
1.8910
1.8913
1.8923
1.8894
1.8948
1.8961
1.8923
1.8932
1.8922
1.8945
1.8925
1.8946
1.8909
1.8912
1.8934
1.8958
1.8967
1.8933
1.8955
1.8954
1.8922
1.8961
1.8933
1.8939
1.8899
1.8893
1.8931
1.8917
1.8927
1.8948
1.8917
1.8950
1.8935
1.8923
1.8962
1.8929
1.8944
1.8916
1.8924
1.8971
1.8947
1.8966
1.8938
1.8930
1.8928
1.8939
1.8907
1.8953
1.8941
1.8945
1.8937
1.8934
1.8949
1.8926
1.8916
1.8969
1.8955
1.8956
1.8947
1.8932
1.8956
1.8947
1.8927
1.8951
1.8944
1.8965
1.8993
1.8926
1.8961
1.8917
1.8947
1.8929
1.8949
1.8927
1.8973
1.8907
1.8936
1.8920
1.8938

Iteration: 3600
1.8915
1.8925
1.8970
1.8939
1.8954
1.8943
1.8965
1.8966
1.8916
1.8931
1.8948
1.8936
1.8955
1.8939
1.8956
1.8906
1.8967
1.8942
1.8941
1.8959
1.8939
1.8968
1.8971
1.8936
1.8926
1.8934
1.8915
1.8941
1.8964
1.8976
1.8985
1.8927
1.8914
1.8958
1.8969
1.8910
1.8909
1.8955
1.8920
1.8974
1.8947
1.8972
1.8931
1.8963
1.8944
1.8967
1.8947
1.8945
1.8937
1.8966
1.8935
1.8933
1.8920
1.8945
1.8948
1.8924
1.8972
1.8930
1.8929
1.8902
1.8990
1.8955
1.8951
1.8925
1.8927
1.8937
1.8965
1.8962
1.8933
1.8905
1.8986
1.8916
1.8983
1.8941
1.8967
1.8944
1.8980
1.8973
1.8961
1.8938
1.8943
1.8922
1.8950
1.8964
1.8961
1.8928
1.8939
1.8948
1.8940
1.8929
1.8940
1.8956
1.8900
1.8945
1.8878
1.8931
1.8998
1.8941
1.8910
1.8938

Iteration: 3700
1.8962
1.8964
1.8940
1.8960
1.8948
1.8968
1.8942
1.8937
1.8903
1.8942
1.8939
1.8953
1.8945
1.8926
1.8907
1.8893
1.8947
1.8973
1.8990
1.8926
1.8987
1.8966
1.8942
1.8956
1.8957
1.8962
1.8897
1.8945
1.8926
1.8939
1.8908
1.8933
1.8950
1.8916
1.8955
1.8894
1.8922
1.8944
1.8929
1.8969
1.8959
1.8971
1.8931
1.8953
1.8967
1.8946
1.8949
1.8928
1.8928
1.8962
1.8943
1.8950
1.8946
1.8941
1.8893
1.8943
1.8941
1.8937
1.8917
1.9000
1.8942
1.8973
1.8985
1.8928
1.8961
1.8926
1.8970
1.8935
1.8913
1.8947
1.8897
1.8952
1.8903
1.8976
1.8939
1.8948
1.8943
1.8943
1.8918
1.8929
1.8943
1.8920
1.8991
1.8907
1.8983
1.8937
1.8961
1.8947
1.8931
1.8931
1.8933
1.8951
1.8937
1.8935
1.8949
1.8911
1.8967
1.8941
1.8943
1.8921

Iteration: 3800
1.8884
1.8909
1.8950
1.8938
1.8976
1.8966
1.8911
1.8943
1.8937
1.8955
1.8943
1.8958
1.8957
1.8974
1.8915
1.8947
1.8919
1.8966
1.8962
1.8896
1.8923
1.8915
1.8971
1.8953
1.8956
1.8951
1.8900
1.8921
1.8947
1.8940
1.8922
1.8909
1.8908
1.8941
1.8959
1.8988
1.8943
1.8936
1.8954
1.8940
1.8980
1.8920
1.8942
1.8950
1.8951
1.8914
1.8917
1.8885
1.8948
1.8930
1.8941
1.8950
1.8979
1.8915
1.8941
1.8950
1.8926
1.8955
1.8955
1.8901
1.8934
1.8934
1.8962
1.8887
1.8950
1.8957
1.8942
1.8949
1.8999
1.8962
1.8972
1.8956
1.8968
1.8894
1.8933
1.8924
1.8995
1.8973
1.8930
1.8936
1.8932
1.8969
1.8933
1.8907
1.8937
1.8926
1.8931
1.8968
1.8944
1.8964
1.8962
1.8945
1.8957
1.8929
1.8904
1.8921
1.8942
1.8934
1.8978
1.8953

Iteration: 3900
1.8902
1.8949
1.8929
1.8905
1.8975
1.8976
1.8918
1.8912
1.8930
1.8944
1.8937
1.8859
1.8944
1.8934
1.8928
1.8956
1.8964
1.8898
1.8925
1.8955
1.8933
1.8922
1.8945
1.8918
1.8902
1.8951
1.8940
1.8929
1.8909
1.8925
1.8891
1.8929
1.8984
1.8900
1.8945
1.8925
1.8916
1.8953
1.8918
1.8974
1.8947
1.8967
1.8938
1.8936
1.8974
1.8957
1.8927
1.8891
1.8963
1.8951
1.8945
1.8957
1.8963
1.8954
1.8875
1.8943
1.8962
1.8918
1.8928
1.8940
1.8901
1.8951
1.8939
1.8914
1.8984
1.8930
1.8973
1.8976
1.8934
1.8934
1.8958
1.8915
1.8925
1.8974
1.8964
1.8965
1.8933
1.8957
1.8971
1.8950
1.8968
1.8982
1.8952
1.8957
1.8922
1.8901
1.8966
1.8982
1.8907
1.8918
1.8936
1.8944
1.8950
1.8976
1.8951
1.8919
1.8914
1.8914
1.8952
1.8924

Iteration: 4000
1.8938
1.8914
1.8939
1.8918
1.8955
1.8937
1.8966
1.8951
1.8940
1.8917
1.8923
1.8926
1.8917
1.8947
1.8903
1.8938
1.8923
1.8924
1.8930
1.8935
1.8994
1.8908
1.8972
1.8930
1.8965
1.8926
1.8908
1.8947
1.8922
1.8929
1.8953
1.8922
1.8919
1.8926
1.8926
1.8927
1.8964
1.8935
1.8930
1.8942
1.8918
1.8953
1.8959
1.8919
1.8930
1.8928
1.8919
1.8925
1.8926
1.8978
1.8939
1.8967
1.8927
1.8973
1.8912
1.8957
1.8925
1.8906
1.8941
1.8923
1.8927
1.8955
1.8980
1.8900
1.8877
1.8955
1.8980
1.8976
1.8951
1.8969
1.8951
1.8947
1.8952
1.8906
1.8935
1.8909
1.8910
1.8957
1.8981
1.8953
1.8949
1.8937
1.8936
1.8962
1.8973
1.8950
1.8958
1.8939
1.8897
1.8968
1.8945
1.8971
1.8949
1.8943
1.8950
1.8933
1.8889
1.8905
1.8912
1.8931

Iteration: 4100
1.8932
1.8931
1.8933
1.8912
1.8925
1.8954
1.8971
1.8944
1.8935
1.8931
1.8963
1.8961
1.8935
1.8930
1.8928
1.8891
1.8937
1.8929
1.8900
1.8941
1.8935
1.8947
1.8959
1.8924
1.8945
1.8920
1.8941
1.8921
1.8945
1.8930
1.8945
1.8964
1.8923
1.8985
1.8940
1.8947
1.8930
1.8900
1.8942
1.8914
1.8932
1.8959
1.8958
1.8948
1.8948
1.8922
1.8937
1.8924
1.8902
1.8914
1.8981
1.8975
1.8941
1.8919
1.8978
1.8940
1.8980
1.8923
1.8925
1.8932
1.8916
1.8945
1.8941
1.8964
1.8923
1.8961
1.8964
1.8958
1.8909
1.8968
1.8953
1.8938
1.8936
1.8949
1.8960
1.8964
1.8929
1.8976
1.8991
1.8953
1.8910
1.8899
1.8932
1.8944
1.8937
1.8930
1.8955
1.8968
1.8951
1.8919
1.8938
1.8967
1.8954
1.8975
1.8932
1.8956
1.8930
1.8961
1.8946
1.8964

Iteration: 4200
1.8910
1.8920
1.8948
1.8914
1.8960
1.8940
1.8938
1.8956
1.8937
1.8902
1.8940
1.8909
1.8919
1.8976
1.8927
1.8928
1.8924
1.8972
1.8956
1.8953
1.8954
1.8955
1.8935
1.8934
1.8966
1.8933
1.8938
1.8936
1.8967
1.8935
1.8932
1.8957
1.8911
1.8964
1.8960
1.8965
1.8910
1.8958
1.8957
1.8956
1.8941
1.8905
1.8916
1.8959
1.8960
1.8951
1.8926
1.8948
1.8933
1.8917
1.8919
1.8944
1.8942
1.8918
1.8938
1.8930
1.8953
1.8938
1.8953
1.8927
1.8984
1.8936
1.8964
1.8966
1.8980
1.8911
1.8938
1.8926
1.8908
1.8919
1.8946
1.8928
1.8874
1.8975
1.8951
1.8925
1.8920
1.8951
1.8943
1.8969
1.8929
1.8960
1.8925
1.8909
1.8936
1.8947
1.8958
1.8916
1.8962
1.8929
1.8921
1.8945
1.8935
1.8952
1.8950
1.8945
1.8969
1.8923
1.8945
1.8943

Iteration: 4300
1.8945
1.8927
1.8920
1.8975
1.8935
1.8941
1.8913
1.8948
1.8938
1.8932
1.8956
1.8934
1.8950
1.8924
1.8974
1.8985
1.8953
1.8944
1.8923
1.8942
1.8920
1.8912
1.8942
1.8948
1.8921
1.8942
1.8948
1.8936
1.8984
1.8934
1.8937
1.8992
1.8979
1.8917
1.8926
1.8939
1.8942
1.8926
1.8959
1.8941
1.8920
1.8927
1.8891
1.8949
1.8958
1.8895
1.8916
1.8946
1.8967
1.8940
1.8940
1.8945
1.8992
1.8961
1.8936
1.8974
1.8952
1.8908
1.8957
1.8973
1.8989
1.8948
1.8926
1.8890
1.8943
1.8884
1.8909
1.8992
1.8943
1.8935
1.8952
1.8943
1.8900
1.8953
1.8907
1.8922
1.8948
1.8939
1.8928
1.8942
1.8908
1.8955
1.8958
1.8901
1.8956
1.8919
1.8938
1.8913
1.8918
1.8916
1.8939
1.8923
1.8953
1.8911
1.8944
1.8941
1.8914
1.8930
1.8939
1.8916

Iteration: 4400
1.8969
1.8947
1.8930
1.8907
1.8953
1.8944
1.8939
1.8914
1.8938
1.8914
1.8937
1.8935
1.8966
1.8980
1.8980
1.8956
1.8968
1.8954
1.8949
1.8928
1.8923
1.8964
1.8900
1.8949
1.8953
1.8947
1.8963
1.8925
1.8931
1.8990
1.8956
1.8904
1.8953
1.8950
1.8937
1.8954
1.8891
1.8941
1.8950
1.8952
1.8923
1.8912
1.8920
1.8902
1.8987
1.8948
1.8972
1.8916
1.8951
1.8987
1.8933
1.8912
1.8947
1.8959
1.8948
1.8964
1.8905
1.8956
1.8954
1.9008
1.8933
1.8898
1.8946
1.8990
1.8956
1.8926
1.8890
1.8939
1.8893
1.8959
1.8931
1.8943
1.8938
1.8925
1.8962
1.8939
1.8902
1.8915
1.8962
1.8953
1.8946
1.8980
1.8938
1.8896
1.8922
1.8934
1.8956
1.8950
1.8939
1.8901
1.8920
1.8980
1.8986
1.8933
1.8989
1.8919
1.8918
1.8978
1.8928
1.8933

Iteration: 4500
1.8931
1.8921
1.8968
1.8937
1.8962
1.8949
1.8926
1.8973
1.8989
1.8944
1.8930
1.8957
1.8913
1.9002
1.8914
1.8912
1.8968
1.8960
1.8933
1.8938
1.8971
1.8905
1.8901
1.8934
1.8955
1.8927
1.8985
1.8938
1.8976
1.8963
1.8916
1.8943
1.8935
1.8960
1.8926
1.8946
1.8938
1.8940
1.8951
1.8942
1.9017
1.8924
1.8929
1.8938
1.8937
1.8983
1.8936
1.8891
1.8923
1.8917
1.8932
1.8942
1.8914
1.8965
1.8956
1.8930
1.8956
1.8953
1.8942
1.8927
1.9006
1.8988
1.8977
1.8894
1.8920
1.8912
1.8949
1.8893
1.8936
1.8938
1.8957
1.8959
1.8936
1.8914
1.8940
1.8910
1.8933
1.8918
1.8968
1.8965
1.8943
1.8938
1.8962
1.8917
1.8941
1.8960
1.8981
1.8974
1.8947
1.8929
1.8929
1.8961
1.9007
1.8881
1.8948
1.8944
1.8908
1.8909
1.8977
1.8973

Iteration: 4600
1.8952
1.8931
1.8932
1.8925
1.8985
1.8962
1.8950
1.8943
1.8931
1.8917
1.8909
1.8945
1.8936
1.8960
1.8936
1.8943
1.8963
1.8949
1.8948
1.8959
1.8917
1.8973
1.8940
1.8966
1.8945
1.8945
1.8936
1.8937
1.8942
1.8912
1.8945
1.8955
1.8945
1.8954
1.8943
1.8961
1.8941
1.8947
1.8947
1.8911
1.8932
1.8943
1.8932
1.8925
1.8955
1.8919
1.8951
1.8951
1.8961
1.8934
1.8913
1.8961
1.8955
1.8953
1.8948
1.8904
1.8936
1.8956
1.8931
1.8947
1.8925
1.8900
1.8943
1.8917
1.8995
1.8926
1.8940
1.8914
1.8978
1.8963
1.8895
1.8927
1.8920
1.8954
1.8949
1.8944
1.8987
1.8967
1.8985
1.8957
1.8951
1.8956
1.8911
1.8884
1.8934
1.8929
1.8980
1.8948
1.8950
1.8962
1.8939
1.8925
1.8932
1.8977
1.8954
1.8974
1.8935
1.8916
1.8978
1.8910

Iteration: 4700
1.8952
1.8952
1.8921
1.8936
1.8938
1.8914
1.8955
1.8938
1.8964
1.8952
1.8934
1.8970
1.8956
1.8905
1.8930
1.8943
1.8944
1.8883
1.8958
1.8924
1.8970
1.8923
1.8925
1.8913
1.8932
1.8915
1.8924
1.8950
1.8964
1.8965
1.8942
1.8918
1.8945
1.8937
1.8944
1.8947
1.8938
1.8953
1.8975
1.8965
1.8983
1.8942
1.8911
1.8947
1.8959
1.8929
1.8960
1.8907
1.8974
1.8903
1.8950
1.8920
1.8949
1.8971
1.8906
1.8918
1.8891
1.8976
1.8920
1.8952
1.8927
1.8917
1.8931
1.8934
1.8977
1.8948
1.8909
1.8904
1.8943
1.8936
1.8956
1.8924
1.8940
1.8936
1.8910
1.8958
1.8973
1.8966
1.8924
1.8946
1.8925
1.8935
1.8946
1.8956
1.8965
1.8934
1.8926
1.8944
1.8969
1.8973
1.8930
1.8939
1.8918
1.8974
1.8930
1.8952
1.9000
1.8959
1.8902
1.8938

Iteration: 4800
1.8919
1.8982
1.8946
1.8978
1.8922
1.8950
1.8921
1.8885
1.8941
1.8979
1.8950
1.8895
1.8960
1.8920
1.8969
1.8944
1.8944
1.8963
1.8907
1.8949
1.8917
1.8919
1.8944
1.8943
1.8963
1.8936
1.8914
1.8972
1.8901
1.8944
1.8974
1.8930
1.8964
1.8935
1.8981
1.8917
1.8943
1.8914
1.8970
1.8961
1.8916
1.8930
1.8907
1.8928
1.8965
1.8923
1.8906
1.8933
1.8932
1.8910
1.8917
1.8977
1.8926
1.8924
1.8914
1.8929
1.8930
1.8952
1.8972
1.8900
1.8951
1.8933
1.8941
1.8940
1.8921
1.8916
1.8931
1.8948
1.8940
1.8959
1.8899
1.8941
1.8922
1.8945
1.9003
1.8957
1.8956
1.8912
1.8904
1.8951
1.8913
1.8944
1.8953
1.8914
1.8932
1.8911
1.8969
1.8952
1.8948
1.8931
1.8929
1.8965
1.8952
1.8978
1.8955
1.8926
1.8941
1.8978
1.8928
1.8923

Iteration: 4900
1.8940
1.8952
1.8971
1.8926
1.8914
1.8919
1.8945
1.8908
1.8926
1.8970
1.8939
1.8921
1.8902
1.8909
1.8952
1.8931
1.8950
1.8932
1.8989
1.8938
1.8968
1.8976
1.8952
1.8915
1.8954
1.8949
1.8964
1.8967
1.8947
1.8928
1.8948
1.8949
1.8943
1.8927
1.8918
1.8932
1.8954
1.8956
1.8952
1.8946
1.8946
1.8957
1.8929
1.8943
1.8908
1.8903
1.8930
1.8874
1.8911
1.8968
1.8974
1.8934
1.8945
1.8935
1.8961
1.8915
1.8935
1.8940
1.8904
1.8933
1.8941
1.8949
1.8898
1.8940
1.8918
1.8951
1.8939
1.8947
1.8922
1.8969
1.8930
1.8923
1.8934
1.8982
1.8919
1.8931
1.8945
1.8984
1.8947
1.8930
1.8991
1.8960
1.8987
1.8897
1.8946
1.8903
1.8957
1.8945
1.8968
1.8967
1.8906
1.8988
1.8958
1.8961
1.8973
1.8932
1.8956
1.8975
1.8952
1.8953
tensor(1.8939, grad_fn=<DivBackward0>)
